-9.275604510180354700e-02 2.694409368384738379e-02 3.120105065163537583e-01
1.634825421440618598e+00 -5.190288894656761715e-02 5.021885133266801304e-02
-2.107634046586170928e-01 1.695717660904322299e+00 1.720569086151807203e-01
2.374050769057098886e-01 -2.337949147479567169e-01 7.776641708639264738e-02
4.487014431964289063e-01 4.724530196906745472e-02 6.939125178128280336e-01
1.805296479251747993e-02 9.665215332225119971e-01 3.203584427747823704e-01
-7.676224327982883455e-02 2.575931996666466772e-01 6.895261299927022414e-01
5.974575667944619362e-01 5.651170898337613130e-02 -1.999984062209150260e-01
-1.175401767290480848e+00 9.363216875152746699e-02 -1.041995511457716045e-01
2.604696341022788020e-01 -1.306335883288738398e+00 2.887664135293818539e-03
