-0.3167 -0.0654 0.8658
-0.3156 -0.0484 0.8495
-0.3136 -0.0319 0.8336
-0.3108 -0.0159 0.8181
-0.3070 -0.0003 0.8031
-0.3024 0.0148 0.7884
-0.2971 0.0294 0.7742
-0.2910 0.0436 0.7605
-0.2842 0.0572 0.7472
-0.2767 0.0703 0.7345
-0.2686 0.0828 0.7222
-0.2600 0.0948 0.7105
-0.2508 0.1062 0.6992
-0.2410 0.1171 0.6886
-0.2309 0.1273 0.6785
-0.2203 0.1370 0.6690
-0.2093 0.1460 0.6600
-0.1980 0.1544 0.6517
-0.1864 0.1622 0.6440
-0.1745 0.1693 0.6369
-0.1624 0.1757 0.6305
-0.1501 0.1814 0.6247
-0.1376 0.1864 0.6196
-0.1251 0.1908 0.6152
-0.1125 0.1944 0.6115
-0.0999 0.1972 0.6085
-0.0873 0.1993 0.6062
-0.0747 0.2006 0.6047
-0.0623 0.2012 0.6039
-0.0500 0.2010 0.6040
-0.0378 0.1999 0.6048
-0.0259 0.1981 0.6064
-0.0142 0.1954 0.6088
-0.0028 0.1918 0.6120
0.0082 0.1874 0.6161
0.0189 0.1822 0.6211
0.0291 0.1760 0.6269
0.0389 0.1689 0.6336
0.0482 0.1610 0.6412
0.0570 0.1521 0.6498
0.0652 0.1422 0.6592
0.0727 0.1315 0.6696
0.0796 0.1198 0.6809
0.0857 0.1074 0.6929
0.0910 0.0943 0.7056
0.0953 0.0806 0.7189
0.0986 0.0663 0.7328
0.1009 0.0516 0.7471
0.1020 0.0366 0.7617
0.1018 0.0213 0.7766
0.1004 0.0058 0.7917
0.0975 -0.0098 0.8069
0.0932 -0.0254 0.8221
0.0874 -0.0409 0.8372
0.0799 -0.0563 0.8522
0.0707 -0.0714 0.8670
0.0598 -0.0862 0.8814
0.0470 -0.1006 0.8954
0.0326 -0.1145 0.9090
0.0168 -0.1278 0.9220
-0.0002 -0.1405 0.9343
-0.0182 -0.1524 0.9459
-0.0370 -0.1636 0.9568
-0.0563 -0.1739 0.9667
-0.0760 -0.1833 0.9757
-0.0958 -0.1917 0.9837
-0.1154 -0.1990 0.9906
-0.1348 -0.2051 0.9963
-0.1536 -0.2100 1.0007
-0.1717 -0.2136 1.0038
-0.1888 -0.2158 1.0054
-0.2047 -0.2166 1.0056
-0.2192 -0.2158 1.0041
-0.2321 -0.2134 1.0010
-0.2432 -0.2094 0.9962
-0.2522 -0.2036 0.9896
-0.2591 -0.1963 0.9813
-0.2636 -0.1874 0.9716
-0.2659 -0.1772 0.9604
-0.2656 -0.1658 0.9481
-0.2628 -0.1532 0.9347
-0.2576 -0.1398 0.9205
-0.2503 -0.1256 0.9056
-0.2411 -0.1107 0.8902
-0.2302 -0.0955 0.8746
-0.2178 -0.0800 0.8588
-0.2042 -0.0644 0.8432
-0.1895 -0.0488 0.8278
-0.1741 -0.0335 0.8130
-0.1581 -0.0186 0.7988
-0.1418 -0.0042 0.7855
-0.1253 0.0095 0.7733
-0.1090 0.0222 0.7623
-0.0929 0.0339 0.7528
-0.0775 0.0444 0.7449
-0.0628 0.0536 0.7389
-0.0491 0.0611 0.7349
-0.0366 0.0670 0.7332
-0.0256 0.0710 0.7338
-0.0163 0.0729 0.7371
