20
0.25765728950500488281 0.50277632474899291992 0.027493238449096679688
0.25608658790588378906 0.50404810905456542969 0.027452826499938964844
0.24873483180999755859 0.50454378128051757812 0.027286171913146972656
0.24643191695213317871 0.50461888313293457031 0.027234256267547607422
0.24412897229194641113 0.5046939849853515625 0.027182340621948242188
-0.24208615720272064209 0.50179022550582885742 0.016302585601806640625
-0.25114899873733520508 0.50040936470031738281 0.016105175018310546875
-0.2574640810489654541 0.4983698427677154541 0.015972018241882324219
-0.25788933038711547852 0.49711388349533081055 0.015967488288879394531
-0.25831469893455505371 0.49585482478141784668 0.015963077545166015625
-0.32009145617485046387 0.26907044649124145508 0.015498638153076171875
-0.32015961408615112305 0.26668903231620788574 0.015506803989410400391
-0.32050114870071411133 0.25462201237678527832 0.015547990798950195312
-0.30979558825492858887 -0.1191895604133605957 0.017303228378295898438
-0.30611854791641235352 -0.11930942535400390625 0.017386019229888916016
0.35817030072212219238 -0.134372711181640625 0.0323276519775390625
0.35825735330581665039 -0.13133084774017333984 0.032317280769348144531
0.34437257051467895508 0.25681364536285400391 0.030432760715484619141
0.34312522411346435547 0.26713311672210693359 0.030362963676452636719
0.33569303154945373535 0.28768116235733032227 0.030113160610198974609

